861,595
865,595
868,595
869,595
873,595
874,595
878,595
879,595
888,595
889,595
893,595
894,595
900,595
862,596
865,596
867,596
870,596
872,596
875,596
877,596
887,596
890,596
892,596
895,596
899,596
863,597
865,597
870,597
872,597
875,597
877,597
878,597
887,597
890,597
892,597
895,597
899,597
864,598
865,598
870,598
872,598
875,598
879,598
887,598
890,598
892,598
895,598
898,598
899,598
863,599
865,599
867,599
870,599
872,599
875,599
879,599
887,599
890,599
892,599
895,599
897,599
899,599
862,600
865,600
868,600
869,600
872,600
875,600
877,600
878,600
887,600
890,600
893,600
894,600
896,600
900,600

fold along x=655
fold along y=447
fold along x=327
fold along y=223
fold along x=163
fold along y=111
fold along x=81
fold along y=55
fold along x=40
fold along y=27
fold along y=13
fold along y=6